41
64
59
35
40
52
56
61
48
58
49
50
40
42
52
32
54
43
42
46
41
60
33
54
52
51
56
46
44
49
48
54
57
35
38
56
42
51
42
55
47
39
58
48
46
49
56
37
58
58
45
50
47
48
51
57
44
52
57
54
49
40
45
52
48
59
44
55
51
41
52
60
64
61
44
37
54
52
59
46
45
44
48
44
48
50
63
45
64
62
52
37
47
49
42
42
44
55
59
41
45
48
37
53
64
54
54
55
55
46
43
49
45
59
65
51
43
49
44
45
51
50
58
44
35
55
48
51
51
53
64
43
55
41
50
45
53
47
41
52
50
63
51
51
47
42
49
53
46
49
53
44
48
45
50
51
61
42
42
54
46
65
46
41
50
59
42
52
62
48
49
46
55
49
54
53
38
59
54
51
58
49
52
39
45
32
52
47
51
45
49
45
41
50
50
46
44
50
47
47
43
54
46
47
44
47
52
32
47
55
40
44
53
47
48
45
38
42
52
46
43
40
34
38
42
38
30
39
42
32
43
39
42
29
36
45
41
39
30
44
44
35
34
55
48
53
50
36
56
44
54
43
42
41
31
48
35
39
34
41
39
26
31
29
33
41
33
42
31
36
34
24
35
28
27
37
25
28
28
36
47
29
25
28
22
27
32
22
30
27
35
25
35
32
23
32
29
25
25
30
30
28
30
21
22
19
30
19
35
28
34
22
30
20
18
22
29
20
21
24
31
29
30
20
16
22
29
20
18
26
22
20
18
17
16
18
28
17
15
27
18
21
17
17
14
21
18
19
20
17
24
15
13
19
24
17
21
10
15
14
9
19
16
18
14
14
18
17
20
6
20
11
21
22
28
29
16
13
15
18
13
13
16
9
11
13
11
17
16
14
17
10
16
10
12
10
14
10
7
19
10
11
10
15
17
10
14
18
20
17
13
15
9
18
10
11
8
9
10
7
13
13
8
12
9
11
12
9
11
9
7
9
10
10
7
11
11
6
7
7
5
11
12
8
3
3
10
5
9
3
10
10
6
11
11
8
5
14
14
12
10
2
7
10
6
7
6
5
7
7
8
9
2
7
6
4
7
10
11
11
7
11
5
6
4
7
6
8
6
6
10
9
10
11
9
4
7
10
9
10
6
8
5
7
12
3
5
6
6
7
9
6
10
8
6
8
4
9
12
10
10
5
2
5
8
3
9
6
3
7
10
9
6
6
8
3
4
4
2
5
16
8
7
4
1
7
6
2
10
7
5
3
4
6
6
6
7
4
9
9
5
7
8
7
4
5
7
6
8
6
5
6
5
1
5
6
4
10
5
8
12
7
8
5
8
3
9
10
4
9
13
6
11
10
10
3
6
10
4
8
2
10
6
9
9
9
8
9
7
10
11
7
10
6
7
7
8
11
18
5
4
7
16
12
8
10
11
6
13
10
12
8
14
17
13
19
12
13
13
15
14
11
18
6
16
11
13
25
17
20
18
19
12
15
16
12
16
15
16
16
15
18
15
17
16
22
20
26
19
23
15
21
27
15
15
21
30
17
17
25
18
18
29
21
23
21
21
23
26
22
28
23
25
27
22
26
31
23
21
26
21
26
31
36
32
28
22
25
32
29
16
17
18
30
25
25
19
27
31
31
23
21
28
19
33
24
24
27
34
34
23
32
44
37
29
26
33
29
32
31
27
39
33
23
36
37
28
26
23
36
28
22
35
29
28
30
23
32
27
26
29
27
24
28
27
28
24
39
28
48
31
38
26
32
41
30
36
27
31
29
22
35
33
37
33
35
28
30
28
41
24
36
49
32
38
22
35
36
27
43
36
27
28
21
37
33
37
32
31
37
32
34
33
49
35
34
36
39
30
33
29
25
29
46
30
36
32
32
29
30
43
37
27
47
44
34
43
23
39
36
34
30
35
43
27
30
32
35
35
31
36
35
43
30
31
41
41
45
41
38
36
35
44
31
39
48
33
30
30
34
33
34
42
53
35
41
42
33
38
33
44
42
39
35
39
39
46
35
47
37
47
41
52
45
26
51
46
35
35
35
49
41
39
40
38
48
41
42
42
38
41
40
57
34
39
32
35
42
48
43
52
38
39
34
45
43
38
42
33
43
51
37
27
34
36
52
43
44
34
32
46
40
38
33
43
41
41
31
39
42
47
52
41
44
41
37
37
28
40
42
33
30
40
54
34
40
48
45
41
37
52
35
43
34
54
32
38
43
41
48
36
49
36
45
46
39
30
44
41
49
38
37
39
37
44
33
34
42
34
47
45
37
48
46
40
47
52
47
31
47
49
39
38
41
43
35
50
52
45
50
51
42
46
35
50
32
41
44
49
38
42
25
40
47
54
38
49
33
50
34
39
52
43
44
50
37
57
38
41
42
51
46
43
47
39
53
46
50
47
53
42
60
41
50
41
59
35
51
57
41
30
45
46
42
47
40
36
45
41
40
37
43
39
47
40
51
53
40
57
45
50
44
39
48
30
42
44
41
35
30
48
48
48
34
35
46
54
42
32
44
54
47
41
37
47
36
39
30
45
23
24
46
47
42
44
48
45
41
45
48
40
53
44
42
38
45
40
32
46
47
47
49
47
41
42
40
36
44
55
42
50
32
36
34
38
51
33
34
48
34
35
44
49
45
47
50
50
46
47
29
39
49
43
42
42
42
48
44
44
43
44
42
46
53
45
44
54
48
45
50
43
37
48
42
51
49
44
47
48
40
34
43
48
37
45
50
43
33
52
45
43
53
29
41
33
39
38
41
35
43
47
46
42
41
61
47
51
41
39
48
40
48
30
42
46
47
42
51
43
40
44
50
43
52
44
39
45
51
33
36
43
51
35
37
45
39
49
38
48
33
50
54
44
45
43
45
50
43
42
41
33
58
37
47
47
46
53
38
48
44
54
46
31
35
51
49
44
41
45
47
43
38
40
33
46
46
55
41
42
33
42
47
46
66
43
49
39
38
52
47
57
34
46
48
50
47
43
48
47
52
52
50
47
45
61
57
45
53
56
52
37
47
41
40
49
38
46
46
52
61
57
67
44
52
62
56
62
47
58
51
53
59
55
57
53
51
45
54
56
46
56
48
50
45
54
62
58
49
63
50
51
51
46
63
52
38
39
55
50
56
64
52
65
54
48
46
49
57
48
53
47
56
58
63
47
54
66
55
50
51
59
50
61
48
54
51
53
52
56
64
49
54
54
46
52
54
47
48
57
49
54
52
38
61
59
53
37
53
49
52
54
39
55
52
39
49
46
39
62
48
